5.985629558563232422e-02 -2.386391162872314453e-01 -4.016363620758056641e-01
8.671224117279052734e-02 3.161315917968750000e-01 3.861672878265380859e-01
-3.255648612976074219e-01 -9.583473205566406250e-03 4.241987466812133789e-01
2.528414726257324219e-01 -4.343410730361938477e-01 -1.759158372879028320e-01
-2.433865070343017578e-01 -1.058933734893798828e-01 2.367413043975830078e-01
2.161949872970581055e-01 2.897707223892211914e-01 2.714536190032958984e-01
-4.502549171447753906e-01 1.423370838165283203e-01 4.900088310241699219e-01
-8.988654613494873047e-02 -2.153687477111816406e-01 -4.795801639556884766e-01
-2.880946397781372070e-01 -7.713091373443603516e-02 -3.318905830383300781e-01
-1.755563020706176758e-01 -6.278109550476074219e-02 3.988325595855712891e-01
-2.029374837875366211e-01 -3.427050113677978516e-01 -3.222509622573852539e-01
-4.839564561843872070e-01 2.462624311447143555e-01 2.813076972961425781e-01
4.913061857223510742e-01 6.702184677124023438e-02 3.645386695861816406e-01
-2.304716110229492188e-01 2.860444784164428711e-01 -1.528395414352416992e-01
9.795069694519042969e-02 -2.080605030059814453e-01 1.858499050140380859e-01
3.078975677490234375e-01 3.961317539215087891e-01 -2.208607196807861328e-01
2.508513927459716797e-01 -3.500986099243164062e-01 1.054480075836181641e-01
4.330667257308959961e-01 -1.399180889129638672e-01 5.191218852996826172e-02
-5.792593955993652344e-02 3.142349720001220703e-01 -3.839832544326782227e-01
-2.380845546722412109e-01 -2.406344413757324219e-01 -1.840238571166992188e-01
1.526110172271728516e-01 -2.922052145004272461e-01 4.592185020446777344e-01
-4.936337471008300781e-01 -4.573177099227905273e-01 -4.433164596557617188e-01
1.255416870117187500e-02 -4.989242553710937500e-02 -3.507795333862304688e-01
-4.339671134948730469e-01 -1.905970573425292969e-01 -1.438547372817993164e-01
1.729649305343627930e-01 -4.351592063903808594e-01 -4.471111297607421875e-01
-3.647370338439941406e-01 -3.610100746154785156e-01 3.364893198013305664e-01
2.741272449493408203e-01 2.664252519607543945e-01 -3.996312618255615234e-01
1.989160776138305664e-01 -1.146376132965087891e-01 -2.944927215576171875e-01
1.642670631408691406e-01 -3.191885948181152344e-01 -7.484936714172363281e-02
1.393001079559326172e-01 3.995970487594604492e-01 -1.412047147750854492e-01
3.682833909988403320e-01 -2.060574293136596680e-01 -3.500038385391235352e-01
9.883737564086914062e-02 3.694772720336914062e-02 -7.759332656860351562e-02
-3.658454418182373047e-01 -2.462279796600341797e-01 -3.109437227249145508e-01
1.381375789642333984e-01 -3.213512897491455078e-01 -2.608314752578735352e-01
-1.201269626617431641e-01 -2.188422679901123047e-01 5.541968345642089844e-02
-3.457648754119873047e-01 3.304312229156494141e-01 3.866398334503173828e-01
-2.235009670257568359e-01 -4.098023176193237305e-01 5.721259117126464844e-02
9.999895095825195312e-02 2.995560169219970703e-01 -2.931498289108276367e-01
4.136300086975097656e-01 -2.669439315795898438e-01 1.668767929077148438e-01
-2.307317256927490234e-01 -4.972922801971435547e-02 8.244204521179199219e-02
-8.258867263793945312e-02 -9.294939041137695312e-02 -9.564375877380371094e-02
-1.636338233947753906e-02 -3.732329607009887695e-01 -4.387719631195068359e-01
3.378689289093017578e-01 1.780681610107421875e-01 2.833389043807983398e-01
3.090131282806396484e-02 -9.458923339843750000e-02 4.441322088241577148e-01
-1.937583684921264648e-01 2.447708845138549805e-01 2.738074064254760742e-01
4.768610000610351562e-02 1.354575157165527344e-02 2.208228111267089844e-01
2.547252178192138672e-02 -4.685350656509399414e-01 -1.314615011215209961e-01
4.599647521972656250e-01 -6.027436256408691406e-02 4.894336462020874023e-01
-4.273623228073120117e-01 -2.037866115570068359e-01 1.893326044082641602e-01
9.043693542480468750e-02 1.329939365386962891e-01 4.268002510070800781e-02
-4.349107742309570312e-01 2.180790901184082031e-01 -1.093183755874633789e-01
2.095143795013427734e-01 4.260166883468627930e-01 1.577663421630859375e-01
-3.382015228271484375e-01 8.531928062438964844e-02 3.963828086853027344e-02
1.034650802612304688e-01 4.961392283439636230e-01 -2.810964584350585938e-01
4.859820604324340820e-01 -1.021478176116943359e-01 -3.008160591125488281e-01
-1.679844856262207031e-01 4.850187301635742188e-01 -2.039178609848022461e-01
-3.377270698547363281e-02 -2.736889123916625977e-01 -9.722888469696044922e-02
4.629995822906494141e-01 9.544575214385986328e-02 -2.890706062316894531e-03
3.399518728256225586e-01 -1.372575759887695312e-03 -2.495062351226806641e-01
-3.329694271087646484e-01 9.589481353759765625e-02 2.097910642623901367e-01
-2.661261558532714844e-01 -2.075686454772949219e-01 -2.500021457672119141e-02
-2.174434661865234375e-01 4.214859008789062500e-01 2.259907722473144531e-01
2.975587844848632812e-01 2.327277660369873047e-01 -2.376289367675781250e-01
4.815620183944702148e-01 -2.750467061996459961e-01 -4.591835737228393555e-01
-1.753158569335937500e-01 -2.659193277359008789e-01 3.507297039031982422e-01
-1.713583469390869141e-01 5.398344993591308594e-02 2.703379392623901367e-01
-4.345049858093261719e-01 -4.595744609832763672e-02 1.666910648345947266e-01
-4.237174987792968750e-02 4.619027376174926758e-01 -2.905877828598022461e-01
3.037824630737304688e-01 3.250229358673095703e-02 4.010543823242187500e-01
-3.386181592941284180e-01 1.812222003936767578e-01 3.607420921325683594e-01
-3.437000513076782227e-01 4.510018825531005859e-01 -4.514973163604736328e-01
3.577971458435058594e-02 4.311736822128295898e-01 -4.531482458114624023e-01
-1.002180576324462891e-01 1.181982755661010742e-01 1.430896520614624023e-01
-1.549953222274780273e-01 4.188905954360961914e-01 -6.778955459594726562e-03
3.914403915405273438e-02 -3.246307373046875000e-02 -2.018623352050781250e-01
-3.550164699554443359e-01 -3.363289833068847656e-01 -4.875630140304565430e-01
9.408402442932128906e-02 2.408720254898071289e-01 -4.751824140548706055e-01
-1.260628700256347656e-01 2.442703247070312500e-01 -2.533692121505737305e-01
-4.128661155700683594e-01 1.332569122314453125e-02 -3.897665739059448242e-01
3.489129543304443359e-01 4.546397924423217773e-01 4.982450008392333984e-01
-3.216491937637329102e-01 4.461009502410888672e-01 8.559274673461914062e-02
-6.268036365509033203e-02 1.276512145996093750e-01 -1.292043924331665039e-01
3.358762264251708984e-01 -2.258396148681640625e-01 -1.675587892532348633e-01
2.863692045211791992e-01 1.982419490814208984e-01 9.563851356506347656e-02
1.925566196441650391e-01 3.890352249145507812e-01 4.585230350494384766e-01
-4.324365854263305664e-01 -3.100473880767822266e-01 3.296208381652832031e-02
2.398524284362792969e-01 1.105163097381591797e-01 -4.697277545928955078e-01
-5.120861530303955078e-02 -1.289335489273071289e-01 2.796726226806640625e-01
4.897923469543457031e-01 2.228091955184936523e-01 -3.513481616973876953e-01
1.412754058837890625e-01 1.191797256469726562e-01 3.522325754165649414e-01
-8.973169326782226562e-02 4.906541109085083008e-01 1.543444395065307617e-01
1.709165573120117188e-01 -1.053855419158935547e-01 3.130151033401489258e-01
3.629961013793945312e-01 -4.791047573089599609e-01 1.500750780105590820e-01
-2.500517368316650391e-01 1.318823099136352539e-01 -9.993505477905273438e-02
-4.872343540191650391e-01 3.746434450149536133e-01 4.687777757644653320e-01
-2.304487228393554688e-01 2.349996566772460938e-01 9.460806846618652344e-02
4.049792289733886719e-01 -3.648246526718139648e-01 -4.482030868530273438e-02
1.485772132873535156e-01 -4.844999313354492188e-02 8.031797409057617188e-02
-2.803109884262084961e-01 -2.626425027847290039e-01 1.561106443405151367e-01
-1.074715852737426758e-01 -1.564786434173583984e-01 -2.930438518524169922e-01
1.030399799346923828e-01 2.326897382736206055e-01 1.733672618865966797e-01
2.323405742645263672e-01 -2.552521228790283203e-01 -3.961021900177001953e-01
3.039294481277465820e-01 1.383069753646850586e-01 -6.947588920593261719e-02
-4.463937282562255859e-01 4.433478116989135742e-01 2.409008741378784180e-01
-2.643089294433593750e-01 8.392763137817382812e-02 -4.395098686218261719e-01
1.948904991149902344e-01 8.372259140014648438e-02 -2.856121063232421875e-01
8.576107025146484375e-02 -1.830911636352539062e-01 -1.975400447845458984e-01
4.992326498031616211e-01 -3.297572135925292969e-01 -2.732049226760864258e-01
-1.845310926437377930e-01 -3.887742757797241211e-01 -1.091252565383911133e-01
-1.308345794677734375e-01 -1.622176170349121094e-02 -4.583944082260131836e-01
-6.943583488464355469e-03 3.966892957687377930e-01 2.692604064941406250e-01
2.153439521789550781e-01 -4.797102212905883789e-01 3.403577804565429688e-01
-1.441094875335693359e-01 4.834096431732177734e-01 -4.196001291275024414e-01
4.018155336380004883e-01 2.229944467544555664e-01 4.587967395782470703e-01
7.666540145874023438e-02 -1.437219381332397461e-01 -1.371645927429199219e-02
2.351456880569458008e-01 5.753397941589355469e-02 2.055246829986572266e-01
-4.260056018829345703e-01 -1.580859422683715820e-01 -4.757677316665649414e-01
-4.776369333267211914e-01 4.451410770416259766e-01 2.006304264068603516e-02
-4.714977741241455078e-02 -3.379726409912109375e-01 -2.647559642791748047e-01
7.667565345764160156e-02 -2.908309698104858398e-01 6.155753135681152344e-02
-2.474825382232666016e-01 -1.712388992309570312e-01 -4.564454555511474609e-01
-3.904676437377929688e-02 -4.116177558898925781e-01 3.617632389068603516e-02
-3.933799266815185547e-01 -8.398580551147460938e-02 -1.305699348449707031e-03
4.609574079513549805e-01 1.099154949188232422e-01 -2.135710716247558594e-01
-4.334942102432250977e-01 2.343101501464843750e-01 8.033442497253417969e-02
-1.387441158294677734e-01 -4.434299468994140625e-01 3.585937023162841797e-01
2.201750278472900391e-01 -4.739737510681152344e-02 -1.246759891510009766e-01
2.396578788757324219e-01 2.924926280975341797e-01 -1.082026958465576172e-02
-2.461299896240234375e-01 -4.112021923065185547e-01 2.402257919311523438e-01
-3.463294506072998047e-01 2.631897926330566406e-01 -4.569888114929199219e-01
2.557607889175415039e-01 -3.100214004516601562e-01 2.868640422821044922e-01
-4.074393510818481445e-01 1.321899890899658203e-02 -1.559875011444091797e-01
-3.434855937957763672e-01 4.287824630737304688e-01 -1.120699644088745117e-01
-3.428493738174438477e-01 1.587525606155395508e-01 -2.866609096527099609e-01
-1.881593465805053711e-01 2.183763980865478516e-01 -3.953483104705810547e-01
4.272930622100830078e-01 3.095400333404541016e-01 1.080586910247802734e-01
-1.516591310501098633e-01 5.402278900146484375e-02 -2.784886360168457031e-01
4.557919502258300781e-02 3.860900402069091797e-01 2.903127670288085938e-02
-2.172776460647583008e-01 -3.924579620361328125e-01 4.954900741577148438e-01
3.136254549026489258e-01 -1.804703474044799805e-01 4.294191598892211914e-01
3.932383060455322266e-01 -7.023954391479492188e-02 2.656718492507934570e-01
4.219597578048706055e-01 -4.970002174377441406e-02 -1.116520166397094727e-01
-2.390418052673339844e-01 3.549661636352539062e-01 -3.228304386138916016e-01
4.756679534912109375e-01 4.979544878005981445e-01 -2.030963897705078125e-01
3.978585004806518555e-01 8.447146415710449219e-02 -4.092055559158325195e-01
-3.316673040390014648e-01 -4.508422613143920898e-01 -2.959201335906982422e-01
-6.912875175476074219e-02 1.434876918792724609e-01 -4.207084178924560547e-01
-1.785640716552734375e-01 1.556165218353271484e-01 4.344755411148071289e-01
-3.350045680999755859e-01 4.998466372489929199e-01 4.019558429718017578e-01
4.234178066253662109e-01 3.882138729095458984e-01 -3.573875427246093750e-01
4.472037553787231445e-01 3.039412498474121094e-01 -1.275544166564941406e-01
2.053987979888916016e-02 -4.899412393569946289e-01 4.142676591873168945e-01
-4.355088472366333008e-01 -8.433198928833007812e-02 3.313093185424804688e-01
2.958120107650756836e-01 -1.581072807312011719e-01 1.904122829437255859e-01
-2.753937244415283203e-02 7.820510864257812500e-02 4.124752283096313477e-01
-1.848362684249877930e-01 3.785170316696166992e-01 4.530320167541503906e-01
3.146982192993164062e-02 1.388065814971923828e-01 -2.755779027938842773e-01
8.682751655578613281e-02 5.420541763305664062e-02 -4.474883079528808594e-01
1.666004657745361328e-01 -8.649301528930664062e-02 -4.854321479797363281e-01
-2.525162696838378906e-02 1.926085948944091797e-01 2.889671325683593750e-01
3.319857120513916016e-01 -4.108436107635498047e-01 -3.131095170974731445e-01
4.663063287734985352e-01 -2.537894248962402344e-01 3.416775465011596680e-01
-3.662555217742919922e-01 -3.922088146209716797e-01 -1.031446456909179688e-01
4.617300033569335938e-01 9.399783611297607422e-02 1.559088230133056641e-01
-2.341632843017578125e-01 -3.346681594848632812e-02 -1.536308526992797852e-01
-7.296609878540039062e-02 2.993943691253662109e-01 1.320035457611083984e-01
2.590858936309814453e-01 2.481471300125122070e-01 4.205247163772583008e-01
1.065907478332519531e-01 2.116142511367797852e-01 -1.230107545852661133e-01
7.860732078552246094e-02 -4.182915687561035156e-01 2.107465267181396484e-01
2.190889120101928711e-01 4.216945171356201172e-01 -3.554706573486328125e-01
-8.166313171386718750e-02 2.330298423767089844e-01 -2.552485466003417969e-02
-4.146550893783569336e-01 3.502455949783325195e-01 -2.871021032333374023e-01
-1.523214578628540039e-01 6.092059612274169922e-02 -1.221394538879394531e-02
-6.099450588226318359e-02 2.822817564010620117e-01 4.317417144775390625e-01
3.604996204376220703e-02 -2.907016277313232422e-01 3.777085542678833008e-01
-4.336559772491455078e-01 -4.103499650955200195e-01 1.393082141876220703e-01
2.523214817047119141e-01 -1.822097301483154297e-01 -9.323358535766601562e-04
-3.172068595886230469e-01 -1.983075141906738281e-01 3.554143905639648438e-01
-3.647245168685913086e-01 2.977095842361450195e-01 1.862318515777587891e-01
3.060604333877563477e-01 -5.097615718841552734e-02 -4.119040966033935547e-01
3.063595294952392578e-01 1.735687255859375000e-02 6.125617027282714844e-02
3.669520616531372070e-01 3.786782026290893555e-01 3.093725442886352539e-01
-8.934354782104492188e-02 -3.082503080368041992e-01 1.972694396972656250e-01
3.410785198211669922e-01 4.499175548553466797e-01 -3.761458396911621094e-02
3.368352651596069336e-01 -3.630686998367309570e-01 4.762243032455444336e-01
4.536472558975219727e-01 -4.297271966934204102e-01 3.502546548843383789e-01
-4.161226749420166016e-02 -5.095994472503662109e-02 9.838128089904785156e-02
-3.104209899902343750e-01 2.920210361480712891e-01 -5.029559135437011719e-03
1.668138504028320312e-01 -4.692472219467163086e-01 1.077592372894287109e-02
-1.984179019927978516e-02 3.410787582397460938e-01 -1.679592132568359375e-01
