4.147324562072753906e-01 2.326223850250244141e-01 3.009700775146484375e-01
-1.934822797775268555e-01 2.888959646224975586e-01 4.785381555557250977e-01
-3.589106798171997070e-01 4.086904525756835938e-01 4.222493171691894531e-01
2.848116159439086914e-01 2.127301692962646484e-01 -1.563242673873901367e-01
4.849956035614013672e-01 -1.200132369995117188e-01 -1.206932067871093750e-01
-4.625834226608276367e-01 -4.580225944519042969e-01 -2.084864377975463867e-01
2.053124904632568359e-01 -4.714127779006958008e-01 2.424114942550659180e-01
4.517126083374023438e-01 -1.456069946289062500e-01 2.828466892242431641e-02
1.413527727127075195e-01 -3.738485574722290039e-01 1.329894065856933594e-01
1.651387214660644531e-01 1.418423652648925781e-02 -1.944105625152587891e-01
-3.207790851593017578e-01 4.898341894149780273e-01 1.372083425521850586e-01
3.119671344757080078e-01 -3.656771183013916016e-01 3.555046319961547852e-01
2.553770542144775391e-01 -4.935687780380249023e-01 -2.296848297119140625e-01
1.926591396331787109e-01 -3.932201862335205078e-02 -4.447126388549804688e-02
2.601791620254516602e-01 4.922976493835449219e-01 1.199523210525512695e-01
5.432248115539550781e-02 2.364650964736938477e-01 -3.059756755828857422e-01
1.920392513275146484e-01 -2.066565752029418945e-01 -2.774957418441772461e-01
1.975018978118896484e-01 4.778250455856323242e-01 -1.157822608947753906e-01
-2.745513916015625000e-01 1.861736774444580078e-01 -2.767752408981323242e-01
-1.449673175811767578e-01 4.374318122863769531e-01 -3.379638195037841797e-01
1.948375701904296875e-01 3.443936109542846680e-01 3.156225681304931641e-01
2.625899314880371094e-01 3.276126384735107422e-01 -4.632961750030517578e-02
2.570757865905761719e-01 2.857702970504760742e-01 -4.634596109390258789e-01
2.363852262496948242e-01 9.501004219055175781e-02 -1.244441270828247070e-01
-2.974464893341064453e-01 1.509146690368652344e-01 4.204126596450805664e-01
2.239390611648559570e-01 -4.547564983367919922e-01 -3.483052253723144531e-01
-4.941215515136718750e-01 3.885782957077026367e-01 -1.948920488357543945e-01
4.656637907028198242e-01 -3.650726079940795898e-01 1.549508571624755859e-01
-3.451226949691772461e-01 4.545065164566040039e-01 -1.356806755065917969e-01
-4.449301958084106445e-01 -1.951494216918945312e-01 -4.833725690841674805e-01
1.720955371856689453e-01 -3.775908946990966797e-01 3.722791671752929688e-01
6.982982158660888672e-02 2.700517177581787109e-01 1.822254657745361328e-01
-2.132145166397094727e-01 -3.151396512985229492e-01 -3.151265382766723633e-01
-3.725061416625976562e-01 1.173050403594970703e-01 -1.741362810134887695e-01
-2.245442867279052734e-01 -3.669300079345703125e-01 -4.737898111343383789e-01
-2.795107364654541016e-01 -2.165775299072265625e-01 4.763016700744628906e-01
2.985303401947021484e-01 -3.612275123596191406e-01 -2.531266212463378906e-01
-2.402172088623046875e-01 -1.597210168838500977e-01 -1.227674484252929688e-01
2.596986293792724609e-01 1.637475490570068359e-01 -4.458446502685546875e-01
1.028203964233398438e-01 1.675826311111450195e-01 4.669559001922607422e-02
-2.693724632263183594e-01 -5.961048603057861328e-02 -2.134704589843750000e-02
2.252388000488281250e-01 8.136713504791259766e-02 3.997406959533691406e-01
-1.727756261825561523e-01 1.050828695297241211e-01 -3.903571367263793945e-01
3.748005628585815430e-01 -4.985343217849731445e-01 4.237687587738037109e-01
3.213000297546386719e-02 2.328257560729980469e-01 -8.113944530487060547e-02
3.857041597366333008e-01 -1.476333141326904297e-01 1.459326744079589844e-01
-4.896317720413208008e-01 -2.525216341018676758e-01 -7.539701461791992188e-02
1.225274801254272461e-01 -4.892635345458984375e-01 1.297934055328369141e-01
3.898975849151611328e-01 3.153228759765625000e-02 -3.663074970245361328e-01
-2.120125293731689453e-02 -2.226116657257080078e-01 3.402280807495117188e-01
2.809286117553710938e-03 -4.743252992630004883e-01 1.499104499816894531e-01
1.446382999420166016e-01 2.902700901031494141e-01 3.889405727386474609e-02
-2.286365032196044922e-01 4.156816005706787109e-01 3.855044841766357422e-01
-1.357815265655517578e-01 1.569474935531616211e-01 2.873560190200805664e-01
4.402041435241699219e-03 -2.624355554580688477e-01 -4.958162307739257812e-01
-9.073853492736816406e-02 1.101574897766113281e-01 -1.475934982299804688e-01
-1.455450057983398438e-02 -3.292417526245117188e-01 2.163972854614257812e-01
-1.272575855255126953e-01 -1.759709119796752930e-01 -2.831459045410156250e-01
-2.648317813873291016e-01 -3.430280685424804688e-01 3.952908515930175781e-01
-4.568889141082763672e-01 2.500300407409667969e-01 8.673524856567382812e-02
-3.606705665588378906e-01 -9.375190734863281250e-02 -4.978156089782714844e-01
-7.504630088806152344e-02 3.340418338775634766e-01 -2.632628679275512695e-01
-3.877651691436767578e-01 4.339518547058105469e-01 -2.954673767089843750e-01
-4.659378528594970703e-02 -1.471052169799804688e-01 4.662232398986816406e-01
2.222583293914794922e-01 -2.364643812179565430e-01 1.349699497222900391e-01
-3.344001770019531250e-01 -1.653592586517333984e-01 2.370961904525756836e-01
-3.993556499481201172e-01 -3.108043670654296875e-01 -1.643781661987304688e-01
1.075695753097534180e-01 -2.707548141479492188e-01 2.471256256103515625e-02
-3.861290216445922852e-01 -3.955624103546142578e-01 2.120635509490966797e-01
1.859686374664306641e-01 -1.611175537109375000e-01 -4.399155378341674805e-01
4.912949800491333008e-01 4.890999794006347656e-01 -6.711053848266601562e-02
3.326404094696044922e-01 4.285162687301635742e-01 2.214908599853515625e-01
2.817912101745605469e-01 -1.752676963806152344e-01 2.619955539703369141e-01
1.891794204711914062e-01 -7.899224758148193359e-02 3.239965438842773438e-01
3.085757493972778320e-01 -1.030046939849853516e-01 -3.572827577590942383e-01
-1.856923103332519531e-02 2.442768812179565430e-01 4.880641698837280273e-01
3.274369239807128906e-02 -1.281468868255615234e-01 -4.355943202972412109e-02
1.645851135253906250e-01 1.886001825332641602e-01 -5.663371086120605469e-02
-4.611107110977172852e-01 -1.379899978637695312e-01 1.476517915725708008e-01
3.752629756927490234e-01 -2.022531032562255859e-01 -2.325210571289062500e-01
5.444884300231933594e-03 -3.789623975753784180e-01 -1.673021316528320312e-01
1.485099792480468750e-01 2.697176933288574219e-01 -1.733372211456298828e-01
-4.206497669219970703e-01 1.873971223831176758e-01 -2.981148958206176758e-01
-9.559249877929687500e-02 -4.474976062774658203e-01 -9.191143512725830078e-02
-4.003944396972656250e-01 3.654850721359252930e-01 1.274111270904541016e-01
1.471539735794067383e-01 -4.751706123352050781e-02 4.588068723678588867e-01
-4.489074945449829102e-01 2.253419160842895508e-01 2.370886802673339844e-01
-1.399060487747192383e-01 2.197084426879882812e-01 1.073324680328369141e-01
4.946725368499755859e-01 -2.761236429214477539e-01 -3.698562383651733398e-01
-1.464997529983520508e-01 1.566389799118041992e-01 4.792677164077758789e-01
6.717765331268310547e-02 -4.406378269195556641e-01 2.686104774475097656e-01
4.627429246902465820e-01 -1.253051757812500000e-01 -3.693664073944091797e-01
-3.487880229949951172e-01 1.695561408996582031e-02 3.835881948471069336e-01
4.836440086364746094e-02 -2.443345785140991211e-01 1.532981395721435547e-01
2.876870632171630859e-01 1.551810503005981445e-01 -3.049139976501464844e-01
-6.699120998382568359e-02 4.973235130310058594e-01 1.268100738525390625e-02
-2.173180580139160156e-01 -4.501211643218994141e-02 -3.842527866363525391e-01
-1.236582994461059570e-01 -1.346535682678222656e-01 -1.542663574218750000e-02
2.628822326660156250e-01 -1.094912290573120117e-01 -1.842507123947143555e-01
-1.067756414413452148e-01 3.540772199630737305e-01 -4.201340675354003906e-01
3.667964935302734375e-01 3.795267343521118164e-01 -2.546262741088867188e-01
3.117845058441162109e-01 8.859872817993164062e-03 -1.193814277648925781e-01
3.684239387512207031e-01 -8.257460594177246094e-02 -7.527685165405273438e-02
-7.704949378967285156e-02 -2.017812728881835938e-01 2.296857833862304688e-01
4.487991333007812500e-02 -3.772873878479003906e-01 -3.976464271545410156e-01
-2.806257009506225586e-01 -3.114902973175048828e-01 2.451088428497314453e-01
3.277450799942016602e-01 4.969774484634399414e-01 -4.375559091567993164e-01
-1.583516597747802734e-02 -2.425801753997802734e-02 3.559279441833496094e-02
4.108158349990844727e-01 -3.728816509246826172e-01 -3.857612609863281250e-03
-4.515159130096435547e-02 4.873788356781005859e-01 -2.354062795639038086e-01
-2.058578729629516602e-01 -9.283888339996337891e-02 4.768522977828979492e-01
-4.339568614959716797e-01 -4.990692138671875000e-01 3.386743068695068359e-01
3.429808616638183594e-01 -3.611133098602294922e-01 -4.070777893066406250e-01
8.142018318176269531e-02 -4.392051696777343750e-01 4.732515811920166016e-01
2.675805091857910156e-01 8.627104759216308594e-02 5.598425865173339844e-03
-4.857075214385986328e-01 2.180681228637695312e-01 -1.497991085052490234e-01
-3.122729063034057617e-01 8.332252502441406250e-02 2.614440917968750000e-01
-1.771320104598999023e-01 4.322634935379028320e-01 -1.407539844512939453e-01
-6.668961048126220703e-02 3.946232795715332031e-02 3.470013141632080078e-01
-3.101289272308349609e-02 -1.101677417755126953e-01 1.389522552490234375e-01
2.100527286529541016e-01 2.882981300354003906e-02 1.018009185791015625e-01
4.868221282958984375e-01 9.806132316589355469e-02 -2.439391613006591797e-01
-1.574897766113281250e-01 -3.255190849304199219e-01 1.593003273010253906e-01
2.674688100814819336e-01 3.879319429397583008e-01 4.651049375534057617e-01
-4.263567924499511719e-01 4.258614778518676758e-01 -4.447276592254638672e-01
4.335080385208129883e-01 1.634216308593750000e-01 -3.425334692001342773e-01
-3.675045967102050781e-01 2.829896211624145508e-01 4.494688510894775391e-01
-1.271246671676635742e-01 -4.232282638549804688e-01 -3.748469352722167969e-01
4.449605941772460938e-01 1.153504848480224609e-01 -4.740129709243774414e-01
4.805890321731567383e-01 -2.652407884597778320e-01 3.714047670364379883e-01
-1.994127035140991211e-01 1.323351860046386719e-01 2.786350250244140625e-02
-3.752061128616333008e-01 -3.160721063613891602e-01 4.586762189865112305e-01
3.978303670883178711e-01 2.317299842834472656e-01 -2.332966327667236328e-01
-1.567274332046508789e-01 -3.423011302947998047e-01 6.760835647583007812e-03
3.796182870864868164e-01 8.990907669067382812e-02 3.039032220840454102e-01
-3.392922878265380859e-01 4.379979372024536133e-01 2.633057832717895508e-01
-1.616096496582031250e-02 2.194888591766357422e-01 -1.834563016891479492e-01
-3.326096534729003906e-01 3.584897518157958984e-02 -3.320832252502441406e-01
2.363486289978027344e-01 6.912589073181152344e-03 -4.504939317703247070e-01
1.644968986511230469e-02 -2.487897872924804688e-02 4.504740238189697266e-01
-3.895084857940673828e-01 -2.395474910736083984e-02 2.211748361587524414e-01
-2.298822402954101562e-01 2.143151760101318359e-01 3.455249071121215820e-01
-3.615241050720214844e-01 2.869029045104980469e-01 -1.975407600402832031e-01
-1.617550849914550781e-03 2.412450313568115234e-02 1.882572174072265625e-01
-1.681635379791259766e-01 -5.109286308288574219e-02 -1.649122238159179688e-01
3.597655296325683594e-01 -4.413818120956420898e-01 2.472479343414306641e-01
4.912319183349609375e-01 4.088313579559326172e-01 5.054223537445068359e-02
-4.163029193878173828e-01 -3.706026077270507812e-01 3.659608364105224609e-01
2.636227607727050781e-01 -1.320710182189941406e-01 4.558072090148925781e-01
-1.405065059661865234e-01 -2.464734315872192383e-01 4.495987892150878906e-01
3.404510021209716797e-01 4.450953006744384766e-01 -2.165365219116210938e-02
-3.121044635772705078e-01 -1.060858964920043945e-01 1.037399768829345703e-01
5.323255062103271484e-02 3.751593828201293945e-01 -1.939501762390136719e-01
4.738743305206298828e-01 -7.148623466491699219e-03 1.002597808837890625e-01
-3.422628641128540039e-01 7.191157341003417969e-02 -3.670191764831542969e-02
4.399976730346679688e-01 -3.532274961471557617e-01 -1.414809226989746094e-01
2.612462043762207031e-01 -2.767591476440429688e-01 4.754388332366943359e-01
-3.197206258773803711e-01 -4.594719409942626953e-01 3.525159358978271484e-01
1.482489109039306641e-01 -6.248462200164794922e-02 -3.223106861114501953e-01
-4.367829561233520508e-01 -4.418686628341674805e-01 -3.512177467346191406e-01
-4.831359386444091797e-01 1.106116771697998047e-01 1.830583810806274414e-01
1.236593723297119141e-01 -1.679925918579101562e-01 2.381893396377563477e-01
1.445834636688232422e-01 1.986821889877319336e-01 3.244318962097167969e-01
-1.080043315887451172e-01 1.980090141296386719e-02 4.793040752410888672e-01
-4.512691497802734375e-02 -3.586089611053466797e-01 -2.872316837310791016e-01
2.676939964294433594e-01 4.752273559570312500e-01 3.488197326660156250e-01
2.830786705017089844e-01 2.230664491653442383e-01 3.885316848754882812e-01
1.506569385528564453e-01 4.808011054992675781e-01 -4.223997592926025391e-01
-3.651556968688964844e-01 2.074440717697143555e-01 -4.665613174438476562e-02
2.424820661544799805e-01 -3.128521442413330078e-01 -2.496480941772460938e-03
-2.894706726074218750e-01 3.850727081298828125e-01 -4.350910186767578125e-01
3.590326309204101562e-01 -2.047137022018432617e-01 3.904048204421997070e-01
-4.350974559783935547e-01 3.313449621200561523e-01 -4.591846466064453125e-02
4.927475452423095703e-01 3.566455841064453125e-01 4.219210147857666016e-01
4.121652841567993164e-01 3.883898258209228516e-01 -4.803180694580078125e-01
4.409815073013305664e-01 -3.522379398345947266e-01 -2.729386091232299805e-01
4.803731441497802734e-01 9.601831436157226562e-03 4.079178571701049805e-01
3.947622776031494141e-01 -2.162688970565795898e-01 -4.795026779174804688e-01
9.647476673126220703e-02 2.315340042114257812e-01 -4.244776964187622070e-01
-7.360303401947021484e-02 -3.998759984970092773e-01 4.823983907699584961e-01
-1.468800306320190430e-01 -4.684376716613769531e-01 1.369138956069946289e-01
2.103250026702880859e-01 1.928030252456665039e-01 1.457660198211669922e-01
-2.237081527709960938e-02 1.353468894958496094e-01 1.283926963806152344e-01
-3.332701921463012695e-01 2.851067781448364258e-01 1.963860988616943359e-01
1.531133651733398438e-01 -1.944339275360107422e-01 -9.067702293395996094e-02
-2.956912517547607422e-01 -4.275379180908203125e-01 -2.176363468170166016e-01
-2.282116413116455078e-01 -2.195727825164794922e-01 2.329277992248535156e-02
1.401966810226440430e-01 2.507798671722412109e-01 4.400775432586669922e-01
1.291861534118652344e-01 -3.145923614501953125e-01 4.887218475341796875e-01
-5.714333057403564453e-02 2.388548851013183594e-01 -3.893364667892456055e-01
-4.870178699493408203e-01 4.878208637237548828e-01 1.943809986114501953e-01
3.067829608917236328e-01 -3.719125986099243164e-01 1.237452030181884766e-01
-2.202329635620117188e-01 4.884698390960693359e-01 1.586198806762695312e-03
3.449296951293945312e-02 -2.403093576431274414e-01 -2.022727727890014648e-01
4.026498794555664062e-01 -4.962837696075439453e-01 9.624373912811279297e-02
-1.359920501708984375e-01 3.797820806503295898e-01 2.236628532409667969e-02
3.083264827728271484e-01 3.483405113220214844e-01 9.815073013305664062e-02
1.810348033905029297e-01 3.964192867279052734e-01 -2.692755460739135742e-01
-2.855981588363647461e-01 -2.488369941711425781e-01 -2.224917411804199219e-01
4.052044153213500977e-01 -5.893862247467041016e-02 -2.340929508209228516e-01
3.853533267974853516e-01 -3.703684806823730469e-01 4.615819454193115234e-01
-2.436684370040893555e-01 3.704674243927001953e-01 1.024172306060791016e-01
-2.598031759262084961e-01 3.823947906494140625e-02 1.131696701049804688e-01
2.994564771652221680e-01 -3.696823120117187500e-01 -1.185749769210815430e-01
-2.719949483871459961e-01 -4.856644868850708008e-01 4.868007898330688477e-01
-4.420272111892700195e-01 -1.094392538070678711e-01 3.256731033325195312e-01
6.231713294982910156e-02 6.482040882110595703e-02 -9.714591503143310547e-02
-3.744763135910034180e-01 -1.428337097167968750e-01 -1.565341949462890625e-01
-2.050497531890869141e-01 -1.996798515319824219e-01 3.043221235275268555e-01
-1.260771751403808594e-01 2.530783414840698242e-01 -6.014347076416015625e-02
3.831974267959594727e-01 -4.901493787765502930e-01 -1.504151821136474609e-01
3.844720125198364258e-01 -4.905605316162109375e-02 -4.834445714950561523e-01
-4.613399505615234375e-05 1.559002399444580078e-01 2.690581083297729492e-01
-1.251792907714843750e-02 4.938347339630126953e-01 -4.197010993957519531e-01
3.056502342224121094e-02 3.836226463317871094e-01 -3.395682573318481445e-01
-2.158427238464355469e-02 9.618902206420898438e-02 -4.199573993682861328e-01
4.287247657775878906e-01 1.570487022399902344e-02 -1.973485946655273438e-02
1.477605104446411133e-01 3.964228630065917969e-01 4.440550804138183594e-01
-3.870246410369873047e-01 1.384925842285156250e-02 9.390282630920410156e-02
3.465247154235839844e-01 8.313393592834472656e-02 1.428749561309814453e-01
3.905806541442871094e-01 2.088789939880371094e-01 1.586673259735107422e-01
3.729035854339599609e-01 -2.736955881118774414e-01 2.365719079971313477e-01
1.464285850524902344e-01 -3.683481216430664062e-01 -1.226043701171875000e-01
-8.432793617248535156e-02 2.553255558013916016e-01 3.732609748840332031e-01
2.747085094451904297e-01 2.085647583007812500e-01 2.684056758880615234e-02
-1.552343368530273438e-03 4.783928394317626953e-01 3.951531648635864258e-01
-4.968405961990356445e-01 3.085815906524658203e-02 -1.292295455932617188e-01
-2.071038484573364258e-01 4.090809822082519531e-02 3.566551208496093750e-01
8.612394332885742188e-03 1.457190513610839844e-01 4.048795700073242188e-01
-2.044513225555419922e-01 2.741510868072509766e-01 2.080117464065551758e-01
-4.968984127044677734e-01 -4.808878898620605469e-01 4.417631626129150391e-01
1.970648765563964844e-02 -1.083729267120361328e-01 -2.915929555892944336e-01
2.614965438842773438e-01 -4.423968791961669922e-01 3.667116165161132812e-03
-1.828372478485107422e-02 2.802336215972900391e-01 4.322671890258789062e-02
2.851777076721191406e-01 3.614587783813476562e-01 -1.647026538848876953e-01
-4.423012733459472656e-01 -3.084111213684082031e-02 -2.664525508880615234e-01
-4.156855344772338867e-01 -3.895961046218872070e-01 -5.565285682678222656e-02
4.403187036514282227e-01 4.552328586578369141e-01 3.200649023056030273e-01
1.282112598419189453e-01 -3.400495052337646484e-01 -2.661898136138916016e-01
-1.185234785079956055e-01 -5.969488620758056641e-02 2.349553108215332031e-01
4.454656839370727539e-01 3.363263607025146484e-01 1.898250579833984375e-01
8.662986755371093750e-02 -4.760644435882568359e-01 -2.693023681640625000e-01
-2.845751047134399414e-01 4.189145565032958984e-02 -4.836790561676025391e-01
1.681923866271972656e-02 -3.500437736511230469e-01 3.800587654113769531e-01
-8.673644065856933594e-02 4.406185150146484375e-01 2.763123512268066406e-01
-5.253446102142333984e-02 1.208398342132568359e-01 -8.613228797912597656e-03
-1.705317497253417969e-01 -4.313764572143554688e-01 -2.332918643951416016e-01
-2.265560626983642578e-01 -4.488632678985595703e-01 2.576262950897216797e-01
3.231912851333618164e-01 -2.387338876724243164e-01 -3.716349601745605469e-01
1.825232505798339844e-01 3.716114759445190430e-01 1.728518009185791016e-01
4.340674877166748047e-01 -1.362357139587402344e-01 2.872370481491088867e-01
-1.803185939788818359e-01 2.561564445495605469e-01 -1.928973197937011719e-01
-4.536861181259155273e-01 -2.829837799072265625e-02 -4.390447139739990234e-01
2.298009395599365234e-01 5.127978324890136719e-02 2.491784095764160156e-01
3.925194740295410156e-01 -4.826943874359130859e-01 -3.113384246826171875e-01
-8.791732788085937500e-02 3.930485248565673828e-01 4.395179748535156250e-01
-2.475285530090332031e-01 1.743677854537963867e-01 1.771953105926513672e-01
3.803042173385620117e-01 2.744157314300537109e-01 -3.886078596115112305e-01
-3.064500093460083008e-01 -2.503991127014160156e-03 -1.574960947036743164e-01
-4.945240020751953125e-01 2.935711145401000977e-01 -2.949471473693847656e-01
6.219863891601562500e-02 -1.419147253036499023e-01 -4.576321840286254883e-01
-5.285632610321044922e-02 3.706486225128173828e-01 -1.041748523712158203e-01
-4.934952259063720703e-01 -3.446294069290161133e-01 -4.969362020492553711e-01
2.280688285827636719e-01 -8.926558494567871094e-02 1.466193199157714844e-01
-2.402335405349731445e-01 -4.717111587524414062e-02 2.385687828063964844e-01
-5.514943599700927734e-02 -2.289856672286987305e-01 6.374061107635498047e-02
4.806575775146484375e-01 1.876957416534423828e-01 3.879917860031127930e-01
-8.106899261474609375e-02 -1.077499389648437500e-01 -4.273412227630615234e-01
1.215424537658691406e-01 3.593730926513671875e-01 -7.519936561584472656e-02
1.919690370559692383e-01 -3.249599933624267578e-01 -3.871036767959594727e-01
-6.342220306396484375e-02 -1.590478420257568359e-01 -1.523311138153076172e-01
9.471750259399414062e-02 -1.003981828689575195e-01 -1.673606634140014648e-01
5.026495456695556641e-02 -2.271506786346435547e-01 -3.629679679870605469e-01
3.719005584716796875e-01 9.625172615051269531e-02 -2.145669460296630859e-01
1.054121255874633789e-01 -3.425645828247070312e-02 1.789762973785400391e-01
-4.439843893051147461e-01 9.307265281677246094e-02 -3.921424150466918945e-01
3.920259475708007812e-01 2.374210357666015625e-01 -5.919730663299560547e-02
-1.319026947021484375e-01 -9.990632534027099609e-02 3.632545471191406250e-01
-1.768368482589721680e-01 2.878308296203613281e-02 -4.940772056579589844e-02
-4.804348945617675781e-02 -2.315270900726318359e-02 -1.385257244110107422e-01
-1.487469673156738281e-01 8.038854598999023438e-02 2.076337337493896484e-01
-7.510471343994140625e-02 -4.234588146209716797e-01 2.857890129089355469e-01
1.796576976776123047e-01 4.321573972702026367e-01 1.771450042724609375e-02
-4.709150791168212891e-01 2.496694326400756836e-01 -4.500652551651000977e-01
3.586430549621582031e-01 -2.252618074417114258e-01 -8.221971988677978516e-02
2.708897590637207031e-01 2.727556228637695312e-02 -2.719966173171997070e-01
-3.351486921310424805e-01 -2.600650787353515625e-01 1.227667331695556641e-01
-5.930066108703613281e-03 -3.710116147994995117e-01 7.068610191345214844e-02
4.266728162765502930e-01 2.908899784088134766e-01 3.347313404083251953e-02
-3.478816747665405273e-01 4.518382549285888672e-01 1.094126701354980469e-02
-2.751600742340087891e-01 2.683901786804199219e-01 3.496062755584716797e-02
-1.310005187988281250e-01 -3.303067684173583984e-01 3.280365467071533203e-01
2.815423011779785156e-01 4.023170471191406250e-01 -3.648203611373901367e-01
3.447222709655761719e-02 5.713939666748046875e-02 -2.557458877563476562e-01
-3.741146326065063477e-01 -2.249422073364257812e-01 3.575239181518554688e-01
-1.562447547912597656e-01 3.353167772293090820e-01 3.167715072631835938e-01
5.475091934204101562e-02 -1.154553890228271484e-02 -4.050781726837158203e-01
2.293677330017089844e-01 2.616579532623291016e-01 -3.088117837905883789e-01
-3.789992332458496094e-01 -4.391942024230957031e-01 4.972194433212280273e-01
-2.575873136520385742e-01 -4.073028564453125000e-01 -9.955143928527832031e-02
4.556999206542968750e-01 -4.481210708618164062e-01 -4.177194833755493164e-01
3.871622085571289062e-01 2.484108209609985352e-01 4.736752510070800781e-01
4.814268350601196289e-01 -1.287302970886230469e-01 4.417086839675903320e-01
-2.511478662490844727e-01 3.966910839080810547e-01 -2.514125108718872070e-01
-2.937177419662475586e-01 -3.852713108062744141e-01 7.754874229431152344e-02
-3.607097864151000977e-01 -1.532328128814697266e-01 -3.512463569641113281e-01
3.305523395538330078e-01 -3.804528713226318359e-02 2.181680202484130859e-01
4.696698188781738281e-01 4.176161289215087891e-01 -3.549798727035522461e-01
-2.165846824645996094e-01 6.146156787872314453e-02 -2.351438999176025391e-01
-2.324073314666748047e-01 4.078109264373779297e-01 2.263996601104736328e-01
-8.070433139801025391e-02 3.806436061859130859e-01 1.537482738494873047e-01
-1.883310079574584961e-01 -1.713002920150756836e-01 1.667454242706298828e-01
-1.424658298492431641e-01 -1.373338699340820312e-02 8.472490310668945312e-02
3.855347633361816406e-02 3.272373676300048828e-01 3.469653129577636719e-01
4.615507125854492188e-01 -3.843965530395507812e-01 3.187873363494873047e-01
-3.144927024841308594e-01 -2.877446413040161133e-01 -5.997776985168457031e-02
-3.831106424331665039e-01 -3.298271894454956055e-01 -2.946112155914306641e-01
-9.709930419921875000e-02 -1.578271389007568359e-02 -2.868093252182006836e-01
-4.279819726943969727e-01 -4.492187500000000000e-02 -2.118170261383056641e-02
-4.505151510238647461e-01 7.571816444396972656e-02 3.113287687301635742e-01
2.312567234039306641e-01 -4.338793754577636719e-01 4.809557199478149414e-01
3.700865507125854492e-01 3.487584590911865234e-01 3.596632480621337891e-01
-3.143686056137084961e-01 1.876292228698730469e-01 -4.216763973236083984e-01
-2.238682508468627930e-01 -1.998383998870849609e-01 -4.013825654983520508e-01
1.138174533843994141e-01 1.047706604003906250e-01 4.800348281860351562e-01
-4.695343971252441406e-01 1.361632347106933594e-01 -1.411962509155273438e-02
-4.584405422210693359e-01 -2.574071884155273438e-01 2.282280921936035156e-01
-4.412589073181152344e-01 -2.850720882415771484e-01 4.810762405395507812e-02
1.488614082336425781e-01 9.813666343688964844e-02 -3.488075733184814453e-01
1.095894575119018555e-01 -3.042774200439453125e-01 2.624685764312744141e-01
3.960907459259033203e-02 3.695415258407592773e-01 -4.853327274322509766e-01
-1.404430866241455078e-01 -2.958769798278808594e-01 -1.490633487701416016e-01
9.309244155883789062e-02 -4.242846965789794922e-01 -6.721615791320800781e-03
-2.931087017059326172e-01 -9.941208362579345703e-02 3.633397817611694336e-01
-1.678752899169921875e-02 -2.884275913238525391e-01 -6.021583080291748047e-02
9.281611442565917969e-02 4.457569122314453125e-02 3.283363580703735352e-01
3.911085128784179688e-01 -2.557020187377929688e-01 7.154965400695800781e-02
2.265993356704711914e-01 -2.428866624832153320e-01 3.464213609695434570e-01
1.381808519363403320e-01 4.727644920349121094e-01 3.449577093124389648e-01
2.232356071472167969e-01 -2.584871053695678711e-01 -1.601176261901855469e-01
-3.713347911834716797e-01 1.890015602111816406e-01 3.158020973205566406e-01
-5.901849269866943359e-02 2.743923664093017578e-01 2.222461700439453125e-01
3.795504570007324219e-02 4.004523754119873047e-01 5.183315277099609375e-02
1.431207656860351562e-01 1.538500785827636719e-01 -2.041945457458496094e-01
1.562032699584960938e-01 3.434143066406250000e-01 -4.155502319335937500e-01
-2.533303499221801758e-01 -9.578335285186767578e-02 -2.610632181167602539e-01
2.916336059570312500e-01 1.578590869903564453e-01 2.611901760101318359e-01
-3.566682338714599609e-01 1.532405614852905273e-01 1.114357709884643555e-01
-1.700648069381713867e-01 4.677926301956176758e-01 -4.592074155807495117e-01
-2.527651786804199219e-01 1.684637069702148438e-01 -1.174042224884033203e-01
5.850458145141601562e-02 4.923237562179565430e-01 -9.759330749511718750e-02
4.214708805084228516e-01 3.431270122528076172e-01 -1.016416549682617188e-01
3.535684347152709961e-01 8.766078948974609375e-02 4.569427967071533203e-01
5.316960811614990234e-02 4.136340618133544922e-01 2.325074672698974609e-01
-1.600029468536376953e-01 -4.619837999343872070e-01 3.997734785079956055e-01
2.860312461853027344e-01 2.852269411087036133e-01 2.381577491760253906e-01
1.101560592651367188e-01 -1.225657463073730469e-01 7.069337368011474609e-02
2.613995075225830078e-01 -1.720557212829589844e-01 3.935694694519042969e-03
-3.142403364181518555e-01 3.193564414978027344e-01 3.274905681610107422e-01
3.847181797027587891e-01 1.285409927368164062e-01 -9.578013420104980469e-02
3.260807991027832031e-01 -4.539775848388671875e-02 4.322278499603271484e-02
-4.165613651275634766e-01 1.163104772567749023e-01 4.609508514404296875e-01
-3.738949298858642578e-01 -1.699368953704833984e-01 -8.589029312133789062e-03
3.351919651031494141e-01 -4.033863544464111328e-02 3.726611137390136719e-01
-3.548181056976318359e-01 3.016996383666992188e-01 -3.536421060562133789e-01
-2.028853893280029297e-01 2.730565071105957031e-01 -3.650321960449218750e-01
-4.726085662841796875e-01 -2.137067317962646484e-01 -2.355829477310180664e-01
-9.831380844116210938e-02 -2.702722549438476562e-01 -4.170677661895751953e-01
-3.401244878768920898e-01 -2.993934154510498047e-01 -4.020359516143798828e-01
1.079378128051757812e-01 1.076034307479858398e-01 1.765491962432861328e-01
-4.587329626083374023e-01 3.360617160797119141e-01 3.006417751312255859e-01
9.192848205566406250e-02 3.830182552337646484e-02 3.091573715209960938e-02
1.598167419433593750e-02 -9.584975242614746094e-02 3.177359104156494141e-01
-1.006728410720825195e-01 1.659158468246459961e-01 -2.924438714981079102e-01
-4.412004947662353516e-01 -4.410560131072998047e-01 7.325565814971923828e-02
4.154587984085083008e-01 1.435997486114501953e-01 5.159997940063476562e-02
4.615795612335205078e-01 -2.199220657348632812e-02 2.408933639526367188e-01
-2.836530208587646484e-01 -4.654574394226074219e-01 -3.503725528717041016e-01
2.495982646942138672e-01 -3.345034122467041016e-01 2.474079132080078125e-01
-2.641613483428955078e-01 3.495606184005737305e-01 -7.765638828277587891e-02
1.045782566070556641e-01 -2.031652927398681641e-01 3.991709947586059570e-01
