-7.440686225891113281e-03 4.428930282592773438e-01 -4.169776439666748047e-01
4.704864025115966797e-01 -3.293573856353759766e-01 3.570663928985595703e-01
-1.268534660339355469e-01 1.307661533355712891e-01 -7.460618019104003906e-02
-2.401713132858276367e-01 -1.464334726333618164e-01 -5.648422241210937500e-02
-3.874913454055786133e-01 2.699719667434692383e-01 1.982311010360717773e-01
3.327633142471313477e-01 -4.390615224838256836e-01 -2.453407049179077148e-01
3.289976119995117188e-01 3.312669992446899414e-01 -3.184615373611450195e-01
-2.240176200866699219e-01 4.369208812713623047e-01 2.366274595260620117e-01
7.059454917907714844e-02 3.788143396377563477e-01 -3.711128234863281250e-02
1.626800298690795898e-01 2.144547700881958008e-01 -4.802659749984741211e-01
1.767849922180175781e-02 -1.143515110015869141e-02 4.949432611465454102e-01
-4.463973045349121094e-01 -2.090547084808349609e-01 1.142450571060180664e-01
-4.537329673767089844e-01 4.697732925415039062e-01 -2.523529529571533203e-01
-2.653157711029052734e-02 -1.193850040435791016e-01 -1.592917442321777344e-01
3.326954841613769531e-01 5.114507675170898438e-02 9.547495841979980469e-02
-2.247149944305419922e-01 3.701095581054687500e-01 -4.102739095687866211e-01
-3.010283708572387695e-01 2.378460168838500977e-01 -2.234319448471069336e-01
-2.597007751464843750e-01 -1.228771209716796875e-01 -4.942618608474731445e-01
-6.829214096069335938e-02 -2.171857357025146484e-01 3.483824729919433594e-01
1.076833009719848633e-01 1.427659988403320312e-01 1.846528053283691406e-02
-4.202357530593872070e-01 -1.194783449172973633e-01 3.527784347534179688e-01
-7.590818405151367188e-02 -4.643750190734863281e-02 9.308266639709472656e-02
6.815099716186523438e-02 -4.293651580810546875e-01 2.063008546829223633e-01
-1.548912525177001953e-01 3.459131717681884766e-02 3.446034193038940430e-01
4.034014940261840820e-01 -2.731031179428100586e-01 -2.721939086914062500e-01
4.196933507919311523e-01 -5.397534370422363281e-02 -2.455222606658935547e-01
3.529832363128662109e-01 -1.381886005401611328e-01 2.250761985778808594e-01
2.267276048660278320e-01 4.236677885055541992e-01 1.186070442199707031e-01
-1.048760414123535156e-01 3.714973926544189453e-01 -2.111775875091552734e-01
-4.159270524978637695e-01 1.159687042236328125e-01 4.033522605895996094e-01
-2.545307874679565430e-01 -1.499534845352172852e-01 2.316558361053466797e-01
-2.253279685974121094e-01 3.431999683380126953e-01 -5.826950073242187500e-04
-2.494443655014038086e-01 1.227923631668090820e-01 -4.508210420608520508e-01
-1.735010147094726562e-01 -3.557766675949096680e-01 1.343864202499389648e-01
2.309063673019409180e-01 2.311680316925048828e-01 2.288827896118164062e-01
-2.916572093963623047e-01 4.943466186523437500e-02 1.451224088668823242e-01
4.636549949645996094e-01 2.018389701843261719e-01 -2.071422338485717773e-01
1.317702531814575195e-01 4.718072414398193359e-01 -2.220722436904907227e-01
-2.054442167282104492e-01 -2.612478733062744141e-01 -2.328034639358520508e-01
2.835835218429565430e-01 3.243470191955566406e-02 3.608791828155517578e-01
4.700547456741333008e-01 6.963241100311279297e-02 2.157500982284545898e-01
-3.863234519958496094e-01 -1.362314224243164062e-01 -2.922492027282714844e-01
4.378814697265625000e-01 -1.042027473449707031e-01 4.896671772003173828e-01
-4.120738506317138672e-01 4.046404361724853516e-02 -3.627789020538330078e-01
-9.112024307250976562e-02 3.357157707214355469e-01 3.986587524414062500e-01
-3.920757770538330078e-02 -2.694866657257080078e-01 -1.804733276367187500e-02
-4.195288419723510742e-01 -7.179021835327148438e-03 -8.019173145294189453e-02
2.011562585830688477e-01 -2.222471237182617188e-01 3.789962530136108398e-01
-4.360256195068359375e-01 -4.661538600921630859e-01 1.480720043182373047e-01
3.898551464080810547e-01 1.043515205383300781e-01 -4.271129369735717773e-01
1.734585762023925781e-01 -3.702412843704223633e-01 -4.297804832458496094e-02
-2.522485256195068359e-01 -4.847850799560546875e-01 -2.512677907943725586e-01
2.396347522735595703e-01 1.028985977172851562e-01 -2.385153770446777344e-01
-4.218910932540893555e-01 3.876893520355224609e-01 -4.728770256042480469e-02
-1.105567216873168945e-01 -4.604687690734863281e-01 3.681547641754150391e-01
9.670937061309814453e-02 2.541404962539672852e-01 -2.420816421508789062e-01
3.040791749954223633e-01 2.445306777954101562e-01 -3.987538814544677734e-02
3.637075424194335938e-03 -1.757850646972656250e-01 -3.859214782714843750e-01
4.470237493515014648e-01 4.936401247978210449e-01 -4.657599925994873047e-01
-7.984650135040283203e-02 1.828224658966064453e-01 -3.956558704376220703e-01
1.733723878860473633e-01 -3.327194452285766602e-01 -3.525112867355346680e-01
-1.265529394149780273e-01 1.830141544342041016e-01 1.666918992996215820e-01
-3.308801651000976562e-01 4.929690361022949219e-01 4.722739458084106445e-01
3.283309936523437500e-01 4.183447360992431641e-01 -9.493398666381835938e-02
-4.085184335708618164e-01 -3.133339881896972656e-01 -4.170303344726562500e-01
8.253526687622070312e-02 -3.776152133941650391e-01 4.567501544952392578e-01
-4.238004684448242188e-01 1.714787483215332031e-01 2.061724662780761719e-03
-7.214868068695068359e-02 -4.616787433624267578e-01 -5.676460266113281250e-02
4.280682802200317383e-01 -4.175481796264648438e-01 -1.823616027832031250e-02
4.200588464736938477e-01 3.420485258102416992e-01 1.346720457077026367e-01
1.721024513244628906e-02 1.871824264526367188e-01 3.367711305618286133e-01
3.170319795608520508e-01 -4.939188957214355469e-01 3.285206556320190430e-01
-2.967501878738403320e-01 -3.289508819580078125e-01 3.221055269241333008e-01
-2.510454654693603516e-01 2.307755947113037109e-01 3.873697519302368164e-01
3.275573253631591797e-01 3.201568126678466797e-02 -9.058272838592529297e-02
-1.559858322143554688e-01 -3.631279468536376953e-01 -4.441051483154296875e-01
-1.156592369079589844e-02 -3.702344894409179688e-01 -2.532641887664794922e-01
9.749889373779296875e-02 -2.335684299468994141e-01 1.545445919036865234e-01
8.760488033294677734e-02 2.287626266479492188e-03 2.366838455200195312e-01
1.153106689453125000e-01 4.029893875122070312e-01 3.525439500808715820e-01
-1.961103677749633789e-01 -8.487224578857421875e-03 -2.687323093414306641e-01
3.613291978836059570e-01 -1.765575408935546875e-01 -3.187894821166992188e-02
-2.650976181030273438e-02 3.779344558715820312e-01 1.426271200180053711e-01
1.316971778869628906e-01 -7.136702537536621094e-02 3.407597541809082031e-03
-4.498517513275146484e-01 2.866272926330566406e-01 -4.209753274917602539e-01
3.240416049957275391e-01 -3.204089403152465820e-01 -4.744002819061279297e-01
2.319810390472412109e-01 -8.609306812286376953e-02 -4.029173851013183594e-01
6.381857395172119141e-02 2.696919441223144531e-02 -2.448488473892211914e-01
-3.069291114807128906e-01 -4.050904512405395508e-01 -2.868986129760742188e-02
2.226095199584960938e-01 4.454586505889892578e-01 -4.414495229721069336e-01
3.326390981674194336e-01 -3.708347082138061523e-01 1.652114391326904297e-01
-4.372711181640625000e-01 -2.781629562377929688e-01 -1.567122936248779297e-01
-4.543374776840209961e-01 3.879332542419433594e-01 3.533267974853515625e-01
3.689229488372802734e-01 2.766309976577758789e-01 3.868269920349121094e-01
2.049583196640014648e-01 -1.723769903182983398e-01 -1.981147527694702148e-01
