0 1 57 29 32
0 1 57 30 30
1.96542e-05 0.982132 57 30 31
3.60266e-05 0.949364 57 30 32
1.96542e-05 0.982132 57 30 33
0 1 57 30 34
1.96542e-05 0.982132 57 31 30
6.04892e-05 0.817612 57 31 31
5.98341e-05 0.739917 57 31 32
6.04892e-05 0.817612 57 31 33
1.96542e-05 0.982132 57 31 34
0 1 57 32 29
3.60266e-05 0.949364 57 32 30
5.98341e-05 0.739917 57 32 31
5.91716e-05 0.663 57 32 32
5.98341e-05 0.739917 57 32 33
3.60266e-05 0.949364 57 32 34
0 1 57 32 35
1.96542e-05 0.982132 57 33 30
6.04892e-05 0.817612 57 33 31
5.98341e-05 0.739917 57 33 32
6.04892e-05 0.817612 57 33 33
1.96542e-05 0.982132 57 33 34
0 1 57 34 30
1.96542e-05 0.982132 57 34 31
3.60266e-05 0.949364 57 34 32
1.96542e-05 0.982132 57 34 33
0 1 57 34 34
0 1 57 35 32
2.30245e-06 0.998753 58 28 30
2.43214e-05 0.959463 58 28 31
3.37478e-05 0.923918 58 28 32
2.43214e-05 0.959463 58 28 33
2.30245e-06 0.998753 58 28 34
1.31646e-05 0.981372 58 29 29
6.35398e-05 0.742349 58 29 30
6.77906e-05 0.480791 58 29 31
6.69786e-05 0.393666 58 29 32
6.77906e-05 0.480791 58 29 33
6.35398e-05 0.742349 58 29 34
1.31646e-05 0.981372 58 29 35
2.30245e-06 0.998753 58 30 28
6.35398e-05 0.742349 58 30 29
6.56541e-05 0.30772 58 30 30
4.2019e-05 0.0801623 58 30 31
2.68947e-05 0.032214 58 30 32
4.2019e-05 0.0801623 58 30 33
6.56541e-05 0.30772 58 30 34
6.35398e-05 0.742349 58 30 35
2.30245e-06 0.998753 58 30 36
2.43214e-05 0.959463 58 31 28
6.77906e-05 0.480791 58 31 29
4.2019e-05 0.0801623 58 31 30
0 0 58 31 31
0 0 58 31 32
0 0 58 31 33
4.2019e-05 0.0801623 58 31 34
6.77906e-05 0.480791 58 31 35
2.43214e-05 0.959463 58 31 36
3.37478e-05 0.923918 58 32 28
6.69786e-05 0.393666 58 32 29
2.68947e-05 0.032214 58 32 30
0 0 58 32 31
0 0 58 32 32
0 0 58 32 33
2.68947e-05 0.032214 58 32 34
6.69786e-05 0.393666 58 32 35
3.37478e-05 0.923918 58 32 36
2.43214e-05 0.959463 58 33 28
6.77906e-05 0.480791 58 33 29
4.2019e-05 0.0801623 58 33 30
0 0 58 33 31
0 0 58 33 32
0 0 58 33 33
4.2019e-05 0.0801623 58 33 34
6.77906e-05 0.480791 58 33 35
2.43214e-05 0.959463 58 33 36
2.30245e-06 0.998753 58 34 28
6.35398e-05 0.742349 58 34 29
6.56541e-05 0.30772 58 34 30
4.2019e-05 0.0801623 58 34 31
2.68947e-05 0.032214 58 34 32
4.2019e-05 0.0801623 58 34 33
6.56541e-05 0.30772 58 34 34
6.35398e-05 0.742349 58 34 35
2.30245e-06 0.998753 58 34 36
1.31646e-05 0.981372 58 35 29
6.35398e-05 0.742349 58 35 30
6.77906e-05 0.480791 58 35 31
6.69786e-05 0.393666 58 35 32
6.77906e-05 0.480791 58 35 33
6.35398e-05 0.742349 58 35 34
1.31646e-05 0.981372 58 35 35
2.30245e-06 0.998753 58 36 30
2.43214e-05 0.959463 58 36 31
3.37478e-05 0.923918 58 36 32
2.43214e-05 0.959463 58 36 33
2.30245e-06 0.998753 58 36 34
9.31702e-06 0.989498 59 27 30
3.5904e-05 0.90904 59 27 31
4.46816e-05 0.85892 59 27 32
3.5904e-05 0.90904 59 27 33
9.31702e-06 0.989498 59 27 34
2.35761e-07 0.999949 59 28 28
4.49895e-05 0.865563 59 28 29
7.68465e-05 0.443053 59 28 30
5.1356e-05 0.182218 59 28 31
4.14314e-05 0.120263 59 28 32
5.1356e-05 0.182218 59 28 33
7.68465e-05 0.443053 59 28 34
4.49895e-05 0.865563 59 28 35
2.35761e-07 0.999949 59 28 36
4.49895e-05 0.865563 59 29 28
6.36733e-05 0.258215 59 29 29
9.64602e-06 0.0113953 59 29 30
9.64602e-06 0.0113953 59 29 34
6.36733e-05 0.258215 59 29 35
4.49895e-05 0.865563 59 29 36
9.31702e-06 0.989498 59 30 27
7.68465e-05 0.443053 59 30 28
9.64602e-06 0.0113953 59 30 29
9.64602e-06 0.0113953 59 30 35
7.68465e-05 0.443053 59 30 36
9.31702e-06 0.989498 59 30 37
3.5904e-05 0.90904 59 31 27
5.1356e-05 0.182218 59 31 28
5.1356e-05 0.182218 59 31 36
3.5904e-05 0.90904 59 31 37
4.46816e-05 0.85892 59 32 27
4.14314e-05 0.120263 59 32 28
4.14314e-05 0.120263 59 32 36
4.46816e-05 0.85892 59 32 37
3.5904e-05 0.90904 59 33 27
5.1356e-05 0.182218 59 33 28
5.1356e-05 0.182218 59 33 36
3.5904e-05 0.90904 59 33 37
9.31702e-06 0.989498 59 34 27
7.68465e-05 0.443053 59 34 28
9.64602e-06 0.0113953 59 34 29
9.64602e-06 0.0113953 59 34 35
7.68465e-05 0.443053 59 34 36
9.31702e-06 0.989498 59 34 37
4.49895e-05 0.865563 59 35 28
6.36733e-05 0.258215 59 35 29
9.64602e-06 0.0113953 59 35 30
9.64602e-06 0.0113953 59 35 34
6.36733e-05 0.258215 59 35 35
4.49895e-05 0.865563 59 35 36
2.35761e-07 0.999949 59 36 28
4.49895e-05 0.865563 59 36 29
7.68465e-05 0.443053 59 36 30
5.1356e-05 0.182218 59 36 31
4.14314e-05 0.120263 59 36 32
5.1356e-05 0.182218 59 36 33
7.68465e-05 0.443053 59 36 34
4.49895e-05 0.865563 59 36 35
2.35761e-07 0.999949 59 36 36
9.31702e-06 0.989498 59 37 30
3.5904e-05 0.90904 59 37 31
4.46816e-05 0.85892 59 37 32
3.5904e-05 0.90904 59 37 33
9.31702e-06 0.989498 59 37 34
0 1 60 26 30
1.16594e-05 0.989734 60 26 31
2.17933e-05 0.97015 60 26 32
1.16594e-05 0.989734 60 26 33
0 1 60 26 34
0 1 60 27 28
3.82221e-05 0.899807 60 27 29
7.63122e-05 0.51062 60 27 30
5.93831e-05 0.234006 60 27 31
4.90126e-05 0.16199 60 27 32
5.93831e-05 0.234006 60 27 33
7.63122e-05 0.51062 60 27 34
3.82221e-05 0.899807 60 27 35
0 1 60 27 36
0 1 60 28 27
6.02364e-05 0.781985 60 28 28
4.87009e-05 0.153499 60 28 29
2.52628e-06 0.00160819 60 28 30
2.52628e-06 0.00160819 60 28 34
4.87009e-05 0.153499 60 28 35
6.02364e-05 0.781985 60 28 36
0 1 60 28 37
3.82221e-05 0.899807 60 29 27
4.87009e-05 0.153499 60 29 28
4.87009e-05 0.153499 60 29 36
3.82221e-05 0.899807 60 29 37
0 1 60 30 26
7.63122e-05 0.51062 60 30 27
2.52628e-06 0.00160819 60 30 28
2.52628e-06 0.00160819 60 30 36
7.63122e-05 0.51062 60 30 37
0 1 60 30 38
1.16594e-05 0.989734 60 31 26
5.93831e-05 0.234006 60 31 27
5.93831e-05 0.234006 60 31 37
1.16594e-05 0.989734 60 31 38
2.17933e-05 0.97015 60 32 26
4.90126e-05 0.16199 60 32 27
4.90126e-05 0.16199 60 32 37
2.17933e-05 0.97015 60 32 38
1.16594e-05 0.989734 60 33 26
5.93831e-05 0.234006 60 33 27
5.93831e-05 0.234006 60 33 37
1.16594e-05 0.989734 60 33 38
0 1 60 34 26
7.63122e-05 0.51062 60 34 27
2.52628e-06 0.00160819 60 34 28
2.52628e-06 0.00160819 60 34 36
7.63122e-05 0.51062 60 34 37
0 1 60 34 38
3.82221e-05 0.899807 60 35 27
4.87009e-05 0.153499 60 35 28
4.87009e-05 0.153499 60 35 36
3.82221e-05 0.899807 60 35 37
0 1 60 36 27
6.02364e-05 0.781985 60 36 28
4.87009e-05 0.153499 60 36 29
2.52628e-06 0.00160819 60 36 30
2.52628e-06 0.00160819 60 36 34
4.87009e-05 0.153499 60 36 35
6.02364e-05 0.781985 60 36 36
0 1 60 36 37
0 1 60 37 28
3.82221e-05 0.899807 60 37 29
7.63122e-05 0.51062 60 37 30
5.93831e-05 0.234006 60 37 31
4.90126e-05 0.16199 60 37 32
5.93831e-05 0.234006 60 37 33
7.63122e-05 0.51062 60 37 34
3.82221e-05 0.899807 60 37 35
0 1 60 37 36
0 1 60 38 30
1.16594e-05 0.989734 60 38 31
2.17933e-05 0.97015 60 38 32
1.16594e-05 0.989734 60 38 33
0 1 60 38 34
2.05745e-06 0.998921 61 26 29
4.75166e-05 0.880598 61 26 30
6.58743e-05 0.651938 61 26 31
6.51203e-05 0.567524 61 26 32
6.58743e-05 0.651938 61 26 33
4.75166e-05 0.880598 61 26 34
2.05745e-06 0.998921 61 26 35
3.11344e-05 0.928457 61 27 28
7.22723e-05 0.385183 61 27 29
2.33397e-05 0.0405162 61 27 30
8.2498e-09 2.03251e-07 61 27 31
0 0 61 27 32
8.2498e-09 2.03251e-07 61 27 33
2.33397e-05 0.0405162 61 27 34
7.22723e-05 0.385183 61 27 35
3.11344e-05 0.928457 61 27 36
3.11344e-05 0.928457 61 28 27
5.67258e-05 0.204285 61 28 28
4.94368e-08 4.72708e-06 61 28 29
4.94368e-08 4.72708e-06 61 28 35
5.67258e-05 0.204285 61 28 36
3.11344e-05 0.928457 61 28 37
2.05745e-06 0.998921 61 29 26
7.22723e-05 0.385183 61 29 27
4.94368e-08 4.72708e-06 61 29 28
4.94368e-08 4.72708e-06 61 29 36
7.22723e-05 0.385183 61 29 37
2.05745e-06 0.998921 61 29 38
4.75166e-05 0.880598 61 30 26
2.33397e-05 0.0405162 61 30 27
2.33397e-05 0.0405162 61 30 37
4.75166e-05 0.880598 61 30 38
6.58743e-05 0.651938 61 31 26
8.2498e-09 2.03251e-07 61 31 27
8.2498e-09 2.03251e-07 61 31 37
6.58743e-05 0.651938 61 31 38
6.51203e-05 0.567524 61 32 26
0 0 61 32 27
0 0 61 32 37
6.51203e-05 0.567524 61 32 38
6.58743e-05 0.651938 61 33 26
8.2498e-09 2.03251e-07 61 33 27
8.2498e-09 2.03251e-07 61 33 37
6.58743e-05 0.651938 61 33 38
4.75166e-05 0.880598 61 34 26
2.33397e-05 0.0405162 61 34 27
2.33397e-05 0.0405162 61 34 37
4.75166e-05 0.880598 61 34 38
2.05745e-06 0.998921 61 35 26
7.22723e-05 0.385183 61 35 27
4.94368e-08 4.72708e-06 61 35 28
4.94368e-08 4.72708e-06 61 35 36
7.22723e-05 0.385183 61 35 37
2.05745e-06 0.998921 61 35 38
3.11344e-05 0.928457 61 36 27
5.67258e-05 0.204285 61 36 28
4.94368e-08 4.72708e-06 61 36 29
4.94368e-08 4.72708e-06 61 36 35
5.67258e-05 0.204285 61 36 36
3.11344e-05 0.928457 61 36 37
3.11344e-05 0.928457 61 37 28
7.22723e-05 0.385183 61 37 29
2.33397e-05 0.0405162 61 37 30
8.2498e-09 2.03251e-07 61 37 31
0 0 61 37 32
8.2498e-09 2.03251e-07 61 37 33
2.33397e-05 0.0405162 61 37 34
7.22723e-05 0.385183 61 37 35
3.11344e-05 0.928457 61 37 36
2.05745e-06 0.998921 61 38 29
4.75166e-05 0.880598 61 38 30
6.58743e-05 0.651938 61 38 31
6.51203e-05 0.567524 61 38 32
6.58743e-05 0.651938 61 38 33
4.75166e-05 0.880598 61 38 34
2.05745e-06 0.998921 61 38 35
0 1 62 25 31
0 1 62 25 32
0 1 62 25 33
3.78648e-05 0.917618 62 26 29
6.48987e-05 0.544417 62 26 30
6.25741e-05 0.298165 62 26 31
6.17799e-05 0.218215 62 26 32
6.25741e-05 0.298165 62 26 33
6.48987e-05 0.544417 62 26 34
3.78648e-05 0.917618 62 26 35
3.93259e-07 0.999917 62 27 27
7.16422e-05 0.647619 62 27 28
3.29825e-05 0.0700738 62 27 29
3.29825e-05 0.0700738 62 27 35
7.16422e-05 0.647619 62 27 36
3.93259e-07 0.999917 62 27 37
7.16422e-05 0.647619 62 28 27
1.098e-05 0.0133544 62 28 28
1.098e-05 0.0133544 62 28 36
7.16422e-05 0.647619 62 28 37
3.78648e-05 0.917618 62 29 26
3.29825e-05 0.0700738 62 29 27
3.29825e-05 0.0700738 62 29 37
3.78648e-05 0.917618 62 29 38
6.48987e-05 0.544417 62 30 26
6.48987e-05 0.544417 62 30 38
0 1 62 31 25
6.25741e-05 0.298165 62 31 26
6.25741e-05 0.298165 62 31 38
0 1 62 31 39
0 1 62 32 25
6.17799e-05 0.218215 62 32 26
6.17799e-05 0.218215 62 32 38
0 1 62 32 39
0 1 62 33 25
6.25741e-05 0.298165 62 33 26
6.25741e-05 0.298165 62 33 38
0 1 62 33 39
6.48987e-05 0.544417 62 34 26
6.48987e-05 0.544417 62 34 38
3.78648e-05 0.917618 62 35 26
3.29825e-05 0.0700738 62 35 27
3.29825e-05 0.0700738 62 35 37
3.78648e-05 0.917618 62 35 38
7.16422e-05 0.647619 62 36 27
1.098e-05 0.0133544 62 36 28
1.098e-05 0.0133544 62 36 36
7.16422e-05 0.647619 62 36 37
3.93259e-07 0.999917 62 37 27
7.16422e-05 0.647619 62 37 28
3.29825e-05 0.0700738 62 37 29
3.29825e-05 0.0700738 62 37 35
7.16422e-05 0.647619 62 37 36
3.93259e-07 0.999917 62 37 37
3.78648e-05 0.917618 62 38 29
6.48987e-05 0.544417 62 38 30
6.25741e-05 0.298165 62 38 31
6.17799e-05 0.218215 62 38 32
6.25741e-05 0.298165 62 38 33
6.48987e-05 0.544417 62 38 34
3.78648e-05 0.917618 62 38 35
0 1 62 39 31
0 1 62 39 32
0 1 62 39 33
0 1 63 25 30
0 1 63 25 31
3.52473e-06 0.999846 63 25 32
0 1 63 25 33
0 1 63 25 34
0 1 63 26 28
6.28641e-05 0.776084 63 26 29
6.3155e-05 0.358821 63 26 30
6.03572e-05 0.120033 63 26 31
5.46582e-05 0.0431304 63 26 32
6.03572e-05 0.120033 63 26 33
6.3155e-05 0.358821 63 26 34
6.28641e-05 0.776084 63 26 35
0 1 63 26 36
1.16163e-05 0.989939 63 27 27
7.6286e-05 0.428801 63 27 28
8.20302e-06 0.00520463 63 27 29
8.20302e-06 0.00520463 63 27 35
7.6286e-05 0.428801 63 27 36
1.16163e-05 0.989939 63 27 37
0 1 63 28 26
7.6286e-05 0.428801 63 28 27
0 0 63 28 28
0 0 63 28 36
7.6286e-05 0.428801 63 28 37
0 1 63 28 38
6.28641e-05 0.776084 63 29 26
8.20302e-06 0.00520463 63 29 27
8.20302e-06 0.00520463 63 29 37
6.28641e-05 0.776084 63 29 38
0 1 63 30 25
6.3155e-05 0.358821 63 30 26
6.3155e-05 0.358821 63 30 38
0 1 63 30 39
0 1 63 31 25
6.03572e-05 0.120033 63 31 26
6.03572e-05 0.120033 63 31 38
0 1 63 31 39
3.52473e-06 0.999846 63 32 25
5.46582e-05 0.0431304 63 32 26
5.46582e-05 0.0431304 63 32 38
3.52473e-06 0.999846 63 32 39
0 1 63 33 25
6.03572e-05 0.120033 63 33 26
6.03572e-05 0.120033 63 33 38
0 1 63 33 39
0 1 63 34 25
6.3155e-05 0.358821 63 34 26
6.3155e-05 0.358821 63 34 38
0 1 63 34 39
6.28641e-05 0.776084 63 35 26
8.20302e-06 0.00520463 63 35 27
8.20302e-06 0.00520463 63 35 37
6.28641e-05 0.776084 63 35 38
0 1 63 36 26
7.6286e-05 0.428801 63 36 27
0 0 63 36 28
0 0 63 36 36
7.6286e-05 0.428801 63 36 37
0 1 63 36 38
1.16163e-05 0.989939 63 37 27
7.6286e-05 0.428801 63 37 28
8.20302e-06 0.00520463 63 37 29
8.20302e-06 0.00520463 63 37 35
7.6286e-05 0.428801 63 37 36
1.16163e-05 0.989939 63 37 37
0 1 63 38 28
6.28641e-05 0.776084 63 38 29
6.3155e-05 0.358821 63 38 30
6.03572e-05 0.120033 63 38 31
5.46582e-05 0.0431304 63 38 32
6.03572e-05 0.120033 63 38 33
6.3155e-05 0.358821 63 38 34
6.28641e-05 0.776084 63 38 35
0 1 63 38 36
0 1 63 39 30
0 1 63 39 31
3.52473e-06 0.999846 63 39 32
0 1 63 39 33
0 1 63 39 34
0 1 64 25 30
2.75633e-09 1 64 25 31
6.7093e-06 0.999646 64 25 32
2.75633e-09 1 64 25 33
0 1 64 25 34
0 1 64 26 28
6.50781e-05 0.757773 64 26 29
6.29752e-05 0.3404 64 26 30
6.00567e-05 0.10243 64 26 31
5.30621e-05 0.0258251 64 26 32
6.00567e-05 0.10243 64 26 33
6.29752e-05 0.3404 64 26 34
6.50781e-05 0.757773 64 26 35
0 1 64 26 36
1.36735e-05 0.986637 64 27 27
7.58443e-05 0.406428 64 27 28
5.85037e-06 0.00254293 64 27 29
5.85037e-06 0.00254293 64 27 35
7.58443e-05 0.406428 64 27 36
1.36735e-05 0.986637 64 27 37
0 1 64 28 26
7.58443e-05 0.406428 64 28 27
0 0 64 28 28
0 0 64 28 36
7.58443e-05 0.406428 64 28 37
0 1 64 28 38
6.50781e-05 0.757773 64 29 26
5.85037e-06 0.00254293 64 29 27
5.85037e-06 0.00254293 64 29 37
6.50781e-05 0.757773 64 29 38
0 1 64 30 25
6.29752e-05 0.3404 64 30 26
6.29752e-05 0.3404 64 30 38
0 1 64 30 39
2.75633e-09 1 64 31 25
6.00567e-05 0.10243 64 31 26
6.00567e-05 0.10243 64 31 38
2.75633e-09 1 64 31 39
6.7093e-06 0.999646 64 32 25
5.30621e-05 0.0258251 64 32 26
5.30621e-05 0.0258251 64 32 38
6.7093e-06 0.999646 64 32 39
2.75633e-09 1 64 33 25
6.00567e-05 0.10243 64 33 26
6.00567e-05 0.10243 64 33 38
2.75633e-09 1 64 33 39
0 1 64 34 25
6.29752e-05 0.3404 64 34 26
6.29752e-05 0.3404 64 34 38
0 1 64 34 39
6.50781e-05 0.757773 64 35 26
5.85037e-06 0.00254293 64 35 27
5.85037e-06 0.00254293 64 35 37
6.50781e-05 0.757773 64 35 38
0 1 64 36 26
7.58443e-05 0.406428 64 36 27
0 0 64 36 28
0 0 64 36 36
7.58443e-05 0.406428 64 36 37
0 1 64 36 38
1.36735e-05 0.986637 64 37 27
7.58443e-05 0.406428 64 37 28
5.85037e-06 0.00254293 64 37 29
5.85037e-06 0.00254293 64 37 35
7.58443e-05 0.406428 64 37 36
1.36735e-05 0.986637 64 37 37
0 1 64 38 28
6.50781e-05 0.757773 64 38 29
6.29752e-05 0.3404 64 38 30
6.00567e-05 0.10243 64 38 31
5.30621e-05 0.0258251 64 38 32
6.00567e-05 0.10243 64 38 33
6.29752e-05 0.3404 64 38 34
6.50781e-05 0.757773 64 38 35
0 1 64 38 36
0 1 64 39 30
2.75633e-09 1 64 39 31
6.7093e-06 0.999646 64 39 32
2.75633e-09 1 64 39 33
0 1 64 39 34
0 1 65 25 31
0 1 65 25 32
0 1 65 25 33
0 1 65 26 28
4.57647e-05 0.882506 65 26 29
6.43726e-05 0.487629 65 26 30
6.20283e-05 0.24362 65 26 31
6.1227e-05 0.164478 65 26 32
6.20283e-05 0.24362 65 26 33
6.43726e-05 0.487629 65 26 34
4.57647e-05 0.882506 65 26 35
0 1 65 26 36
1.74436e-06 0.999277 65 27 27
7.54053e-05 0.58375 65 27 28
2.5232e-05 0.042861 65 27 29
2.5232e-05 0.042861 65 27 35
7.54053e-05 0.58375 65 27 36
1.74436e-06 0.999277 65 27 37
0 1 65 28 26
7.54053e-05 0.58375 65 28 27
5.76835e-06 0.00478693 65 28 28
5.76835e-06 0.00478693 65 28 36
7.54053e-05 0.58375 65 28 37
0 1 65 28 38
4.57647e-05 0.882506 65 29 26
2.5232e-05 0.042861 65 29 27
2.5232e-05 0.042861 65 29 37
4.57647e-05 0.882506 65 29 38
6.43726e-05 0.487629 65 30 26
6.43726e-05 0.487629 65 30 38
0 1 65 31 25
6.20283e-05 0.24362 65 31 26
6.20283e-05 0.24362 65 31 38
0 1 65 31 39
0 1 65 32 25
6.1227e-05 0.164478 65 32 26
6.1227e-05 0.164478 65 32 38
0 1 65 32 39
0 1 65 33 25
6.20283e-05 0.24362 65 33 26
6.20283e-05 0.24362 65 33 38
0 1 65 33 39
6.43726e-05 0.487629 65 34 26
6.43726e-05 0.487629 65 34 38
4.57647e-05 0.882506 65 35 26
2.5232e-05 0.042861 65 35 27
2.5232e-05 0.042861 65 35 37
4.57647e-05 0.882506 65 35 38
0 1 65 36 26
7.54053e-05 0.58375 65 36 27
5.76835e-06 0.00478693 65 36 28
5.76835e-06 0.00478693 65 36 36
7.54053e-05 0.58375 65 36 37
0 1 65 36 38
1.74436e-06 0.999277 65 37 27
7.54053e-05 0.58375 65 37 28
2.5232e-05 0.042861 65 37 29
2.5232e-05 0.042861 65 37 35
7.54053e-05 0.58375 65 37 36
1.74436e-06 0.999277 65 37 37
0 1 65 38 28
4.57647e-05 0.882506 65 38 29
6.43726e-05 0.487629 65 38 30
6.20283e-05 0.24362 65 38 31
6.1227e-05 0.164478 65 38 32
6.20283e-05 0.24362 65 38 33
6.43726e-05 0.487629 65 38 34
4.57647e-05 0.882506 65 38 35
0 1 65 38 36
0 1 65 39 31
0 1 65 39 32
0 1 65 39 33
6.83375e-06 0.99365 66 26 29
5.91446e-05 0.804249 66 26 30
6.50083e-05 0.555971 66 26 31
6.42441e-05 0.472702 66 26 32
6.50083e-05 0.555971 66 26 33
5.91446e-05 0.804249 66 26 34
6.83375e-06 0.99365 66 26 35
4.3016e-05 0.876531 66 27 28
6.57056e-05 0.282519 66 27 29
1.10499e-05 0.0129256 66 27 30
0 0 66 27 31
0 0 66 27 33
1.10499e-05 0.0129256 66 27 34
6.57056e-05 0.282519 66 27 35
4.3016e-05 0.876531 66 27 36
4.3016e-05 0.876531 66 28 27
4.35419e-05 0.128188 66 28 28
4.35419e-05 0.128188 66 28 36
4.3016e-05 0.876531 66 28 37
6.83375e-06 0.99365 66 29 26
6.57056e-05 0.282519 66 29 27
6.57056e-05 0.282519 66 29 37
6.83375e-06 0.99365 66 29 38
5.91446e-05 0.804249 66 30 26
1.10499e-05 0.0129256 66 30 27
1.10499e-05 0.0129256 66 30 37
5.91446e-05 0.804249 66 30 38
6.50083e-05 0.555971 66 31 26
0 0 66 31 27
0 0 66 31 37
6.50083e-05 0.555971 66 31 38
6.42441e-05 0.472702 66 32 26
6.42441e-05 0.472702 66 32 38
6.50083e-05 0.555971 66 33 26
0 0 66 33 27
0 0 66 33 37
6.50083e-05 0.555971 66 33 38
5.91446e-05 0.804249 66 34 26
1.10499e-05 0.0129256 66 34 27
1.10499e-05 0.0129256 66 34 37
5.91446e-05 0.804249 66 34 38
6.83375e-06 0.99365 66 35 26
6.57056e-05 0.282519 66 35 27
6.57056e-05 0.282519 66 35 37
6.83375e-06 0.99365 66 35 38
4.3016e-05 0.876531 66 36 27
4.35419e-05 0.128188 66 36 28
4.35419e-05 0.128188 66 36 36
4.3016e-05 0.876531 66 36 37
4.3016e-05 0.876531 66 37 28
6.57056e-05 0.282519 66 37 29
1.10499e-05 0.0129256 66 37 30
0 0 66 37 31
0 0 66 37 33
1.10499e-05 0.0129256 66 37 34
6.57056e-05 0.282519 66 37 35
4.3016e-05 0.876531 66 37 36
6.83375e-06 0.99365 66 38 29
5.91446e-05 0.804249 66 38 30
6.50083e-05 0.555971 66 38 31
6.42441e-05 0.472702 66 38 32
6.50083e-05 0.555971 66 38 33
5.91446e-05 0.804249 66 38 34
6.83375e-06 0.99365 66 38 35
2.75744e-06 0.998437 67 26 30
2.72336e-05 0.953739 67 26 31
3.75518e-05 0.914118 67 26 32
2.72336e-05 0.953739 67 26 33
2.75744e-06 0.998437 67 26 34
1.44997e-06 0.999241 67 27 28
5.6e-05 0.806812 67 27 29
7.09997e-05 0.357233 67 27 30
4.34899e-05 0.123912 67 27 31
3.31166e-05 0.0723674 67 27 32
4.34899e-05 0.123912 67 27 33
7.09997e-05 0.357233 67 27 34
5.6e-05 0.806812 67 27 35
1.44997e-06 0.999241 67 27 36
1.44997e-06 0.999241 67 28 27
7.31572e-05 0.646939 67 28 28
2.90567e-05 0.0691604 67 28 29
2.90567e-05 0.0691604 67 28 35
7.31572e-05 0.646939 67 28 36
1.44997e-06 0.999241 67 28 37
5.6e-05 0.806812 67 29 27
2.90567e-05 0.0691604 67 29 28
2.90567e-05 0.0691604 67 29 36
5.6e-05 0.806812 67 29 37
2.75744e-06 0.998437 67 30 26
7.09997e-05 0.357233 67 30 27
7.09997e-05 0.357233 67 30 37
2.75744e-06 0.998437 67 30 38
2.72336e-05 0.953739 67 31 26
4.34899e-05 0.123912 67 31 27
4.34899e-05 0.123912 67 31 37
2.72336e-05 0.953739 67 31 38
3.75518e-05 0.914118 67 32 26
3.31166e-05 0.0723674 67 32 27
3.31166e-05 0.0723674 67 32 37
3.75518e-05 0.914118 67 32 38
2.72336e-05 0.953739 67 33 26
4.34899e-05 0.123912 67 33 27
4.34899e-05 0.123912 67 33 37
2.72336e-05 0.953739 67 33 38
2.75744e-06 0.998437 67 34 26
7.09997e-05 0.357233 67 34 27
7.09997e-05 0.357233 67 34 37
2.75744e-06 0.998437 67 34 38
5.6e-05 0.806812 67 35 27
2.90567e-05 0.0691604 67 35 28
2.90567e-05 0.0691604 67 35 36
5.6e-05 0.806812 67 35 37
1.44997e-06 0.999241 67 36 27
7.31572e-05 0.646939 67 36 28
2.90567e-05 0.0691604 67 36 29
2.90567e-05 0.0691604 67 36 35
7.31572e-05 0.646939 67 36 36
1.44997e-06 0.999241 67 36 37
1.44997e-06 0.999241 67 37 28
5.6e-05 0.806812 67 37 29
7.09997e-05 0.357233 67 37 30
4.34899e-05 0.123912 67 37 31
3.31166e-05 0.0723674 67 37 32
4.34899e-05 0.123912 67 37 33
7.09997e-05 0.357233 67 37 34
5.6e-05 0.806812 67 37 35
1.44997e-06 0.999241 67 37 36
2.75744e-06 0.998437 67 38 30
2.72336e-05 0.953739 67 38 31
3.75518e-05 0.914118 67 38 32
2.72336e-05 0.953739 67 38 33
2.75744e-06 0.998437 67 38 34
1.32082e-07 0.99998 68 27 29
2.66092e-05 0.946831 68 27 30
5.42972e-05 0.795365 68 27 31
6.29163e-05 0.721641 68 27 32
5.42972e-05 0.795365 68 27 33
2.66092e-05 0.946831 68 27 34
1.32082e-07 0.99998 68 27 35
5.11121e-06 0.994808 68 28 28
6.64502e-05 0.723242 68 28 29
6.1848e-05 0.25175 68 28 30
3.07253e-05 0.0670721 68 28 31
2.11409e-05 0.0315092 68 28 32
3.07253e-05 0.0670721 68 28 33
6.1848e-05 0.25175 68 28 34
6.64502e-05 0.723242 68 28 35
5.11121e-06 0.994808 68 28 36
1.32082e-07 0.99998 68 29 27
6.64502e-05 0.723242 68 29 28
4.06097e-05 0.110606 68 29 29
3.33713e-07 7.48858e-05 68 29 30
3.33713e-07 7.48858e-05 68 29 34
4.06097e-05 0.110606 68 29 35
6.64502e-05 0.723242 68 29 36
1.32082e-07 0.99998 68 29 37
2.66092e-05 0.946831 68 30 27
6.1848e-05 0.25175 68 30 28
3.33713e-07 7.48858e-05 68 30 29
3.33713e-07 7.48858e-05 68 30 35
6.1848e-05 0.25175 68 30 36
2.66092e-05 0.946831 68 30 37
5.42972e-05 0.795365 68 31 27
3.07253e-05 0.0670721 68 31 28
3.07253e-05 0.0670721 68 31 36
5.42972e-05 0.795365 68 31 37
6.29163e-05 0.721641 68 32 27
2.11409e-05 0.0315092 68 32 28
2.11409e-05 0.0315092 68 32 36
6.29163e-05 0.721641 68 32 37
5.42972e-05 0.795365 68 33 27
3.07253e-05 0.0670721 68 33 28
3.07253e-05 0.0670721 68 33 36
5.42972e-05 0.795365 68 33 37
2.66092e-05 0.946831 68 34 27
6.1848e-05 0.25175 68 34 28
3.33713e-07 7.48858e-05 68 34 29
3.33713e-07 7.48858e-05 68 34 35
6.1848e-05 0.25175 68 34 36
2.66092e-05 0.946831 68 34 37
1.32082e-07 0.99998 68 35 27
6.64502e-05 0.723242 68 35 28
4.06097e-05 0.110606 68 35 29
3.33713e-07 7.48858e-05 68 35 30
3.33713e-07 7.48858e-05 68 35 34
4.06097e-05 0.110606 68 35 35
6.64502e-05 0.723242 68 35 36
1.32082e-07 0.99998 68 35 37
5.11121e-06 0.994808 68 36 28
6.64502e-05 0.723242 68 36 29
6.1848e-05 0.25175 68 36 30
3.07253e-05 0.0670721 68 36 31
2.11409e-05 0.0315092 68 36 32
3.07253e-05 0.0670721 68 36 33
6.1848e-05 0.25175 68 36 34
6.64502e-05 0.723242 68 36 35
5.11121e-06 0.994808 68 36 36
1.32082e-07 0.99998 68 37 29
2.66092e-05 0.946831 68 37 30
5.42972e-05 0.795365 68 37 31
6.29163e-05 0.721641 68 37 32
5.42972e-05 0.795365 68 37 33
2.66092e-05 0.946831 68 37 34
1.32082e-07 0.99998 68 37 35
1.82681e-05 0.971651 69 28 30
4.73064e-05 0.849911 69 28 31
5.63754e-05 0.784925 69 28 32
4.73064e-05 0.849911 69 28 33
1.82681e-05 0.971651 69 28 34
3.80527e-05 0.906749 69 29 29
7.10332e-05 0.524728 69 29 30
6.4244e-05 0.256531 69 29 31
5.43144e-05 0.176972 69 29 32
6.4244e-05 0.256531 69 29 33
7.10332e-05 0.524728 69 29 34
3.80527e-05 0.906749 69 29 35
1.82681e-05 0.971651 69 30 28
7.10332e-05 0.524728 69 30 29
4.6326e-05 0.10886 69 30 30
4.96483e-06 0.00263329 69 30 31
0 0 69 30 32
4.96483e-06 0.00263329 69 30 33
4.6326e-05 0.10886 69 30 34
7.10332e-05 0.524728 69 30 35
1.82681e-05 0.971651 69 30 36
4.73064e-05 0.849911 69 31 28
6.4244e-05 0.256531 69 31 29
4.96483e-06 0.00263329 69 31 30
4.96483e-06 0.00263329 69 31 34
6.4244e-05 0.256531 69 31 35
4.73064e-05 0.849911 69 31 36
5.63754e-05 0.784925 69 32 28
5.43144e-05 0.176972 69 32 29
0 0 69 32 30
0 0 69 32 34
5.43144e-05 0.176972 69 32 35
5.63754e-05 0.784925 69 32 36
4.73064e-05 0.849911 69 33 28
6.4244e-05 0.256531 69 33 29
4.96483e-06 0.00263329 69 33 30
4.96483e-06 0.00263329 69 33 34
6.4244e-05 0.256531 69 33 35
4.73064e-05 0.849911 69 33 36
1.82681e-05 0.971651 69 34 28
7.10332e-05 0.524728 69 34 29
4.6326e-05 0.10886 69 34 30
4.96483e-06 0.00263329 69 34 31
0 0 69 34 32
4.96483e-06 0.00263329 69 34 33
4.6326e-05 0.10886 69 34 34
7.10332e-05 0.524728 69 34 35
1.82681e-05 0.971651 69 34 36
3.80527e-05 0.906749 69 35 29
7.10332e-05 0.524728 69 35 30
6.4244e-05 0.256531 69 35 31
5.43144e-05 0.176972 69 35 32
6.4244e-05 0.256531 69 35 33
7.10332e-05 0.524728 69 35 34
3.80527e-05 0.906749 69 35 35
1.82681e-05 0.971651 69 36 30
4.73064e-05 0.849911 69 36 31
5.63754e-05 0.784925 69 36 32
4.73064e-05 0.849911 69 36 33
1.82681e-05 0.971651 69 36 34
1.88634e-06 0.999391 70 29 31
1.00092e-05 0.994564 70 29 32
1.88634e-06 0.999391 70 29 33
1.82048e-05 0.978272 70 30 30
6.00891e-05 0.830132 70 30 31
6.19623e-05 0.750522 70 30 32
6.00891e-05 0.830132 70 30 33
1.82048e-05 0.978272 70 30 34
1.88634e-06 0.999391 70 31 29
6.00891e-05 0.830132 70 31 30
6.0583e-05 0.592048 70 31 31
5.98815e-05 0.514081 70 31 32
6.0583e-05 0.592048 70 31 33
6.00891e-05 0.830132 70 31 34
1.88634e-06 0.999391 70 31 35
1.00092e-05 0.994564 70 32 29
6.19623e-05 0.750522 70 32 30
5.98815e-05 0.514081 70 32 31
5.91716e-05 0.437 70 32 32
5.98815e-05 0.514081 70 32 33
6.19623e-05 0.750522 70 32 34
1.00092e-05 0.994564 70 32 35
1.88634e-06 0.999391 70 33 29
6.00891e-05 0.830132 70 33 30
6.0583e-05 0.592048 70 33 31
5.98815e-05 0.514081 70 33 32
6.0583e-05 0.592048 70 33 33
6.00891e-05 0.830132 70 33 34
1.88634e-06 0.999391 70 33 35
1.82048e-05 0.978272 70 34 30
6.00891e-05 0.830132 70 34 31
6.19623e-05 0.750522 70 34 32
6.00891e-05 0.830132 70 34 33
1.82048e-05 0.978272 70 34 34
1.88634e-06 0.999391 70 35 31
1.00092e-05 0.994564 70 35 32
1.88634e-06 0.999391 70 35 33
